0.6991860242777743
0.6906859066231449
0.681657249444048
0.682591145452926
0.6895722476869035
0.7024950648541965
0.6886045771650078
0.7054756502579707
0.6910160376456425
0.6904196281421182
0.7003011199289347
0.7088894170914322
0.7229452736375119
0.6888917555327231
0.9187123468866709
0.4704974674841275
0.776305080105153
0.8566301786255447
0.8393336791616115
0.7690493628678533
0.7800714379644169
0.7017810847077574
1.0370809209459506
1.0172433010829263
0.6567986231758799
0.4854139135063837
0.826848148196931
0.688616065632564
0.8615317825343674
0.8655592774978875
0.9525594051969749
1.0622692621444463
0.5741676850961507
0.8874338726189963
0.7880247194446678
0.7683113225134216
